0.01 0.00199016 0.00303009
0.02 0.00198036 0.00306048
0.03 0.00197061 0.00309118
0.04 0.00196091 0.00312218
0.05 0.00195126 0.0031535
0.06 0.00194166 0.00318513
0.07 0.00193211 0.00321708
0.08 0.0019226 0.00324935
0.09 0.00191314 0.00328194
0.1 0.00190373 0.00331487
0.11 0.00189437 0.00334812
0.12 0.00188505 0.0033817
0.13 0.00187578 0.00341562
0.14 0.00186655 0.00344989
0.15 0.00185737 0.00348449
0.16 0.00184824 0.00351945
0.17 0.00183915 0.00355476
0.18 0.00183011 0.00359042
0.19 0.00182111 0.00362643
0.2 0.00181216 0.00366281
0.21 0.00180325 0.00369956
0.22 0.00179438 0.00373667
0.23 0.00178556 0.00377416
0.24 0.00177679 0.00381202
0.25 0.00176806 0.00385026
0.26 0.00175937 0.00388889
0.27 0.00175072 0.00392791
0.28 0.00174212 0.00396731
0.29 0.00173356 0.00400712
0.3 0.00172505 0.00404732
0.31 0.00171657 0.00408792
0.32 0.00170814 0.00412894
0.33 0.00169975 0.00417036
0.34 0.00169141 0.0042122
0.35 0.0016831 0.00425447
0.36 0.00167484 0.00429715
0.37 0.00166662 0.00434027
0.38 0.00165843 0.00438381
0.39 0.00165029 0.0044278
0.4 0.00164219 0.00447223
0.41 0.00163414 0.0045171
0.42 0.00162612 0.00456242
0.43 0.00161814 0.0046082
0.44 0.0016102 0.00465444
0.45 0.0016023 0.00470114
0.46 0.00159444 0.00474831
0.47 0.00158662 0.00479596
0.48 0.00157884 0.00484408
0.49 0.00157109 0.00489269
0.5 0.00156339 0.00494178
0.51 0.00155572 0.00499137
0.52 0.0015481 0.00504146
0.53 0.00154051 0.00509204
0.54 0.00153296 0.00514314
0.55 0.00152545 0.00519475
0.56 0.00151797 0.00524688
0.57 0.00151053 0.00529953
0.58 0.00150313 0.00535271
0.59 0.00149577 0.00540643
0.6 0.00148844 0.00546068
0.61 0.00148115 0.00551548
0.62 0.0014739 0.00557083
0.63 0.00146668 0.00562673
0.64 0.0014595 0.0056832
0.65 0.00145235 0.00574023
0.66 0.00144524 0.00579784
0.67 0.00143817 0.00585602
0.68 0.00143113 0.00591479
0.69 0.00142413 0.00597415
0.7 0.00141716 0.00603411
0.71 0.00141023 0.00609467
0.72 0.00140333 0.00615583
0.73 0.00139647 0.00621761
0.74 0.00138964 0.00628001
0.75 0.00138284 0.00634304
0.76 0.00137608 0.0064067
0.77 0.00136936 0.006471
0.78 0.00136266 0.00653595
0.79 0.001356 0.00660154
0.8 0.00134938 0.0066678
0.81 0.00134279 0.00673472
0.82 0.00133623 0.00680232
0.83 0.0013297 0.00687059
0.84 0.00132321 0.00693955
0.85 0.00131674 0.0070092
0.86 0.00131032 0.00707955
0.87 0.00130392 0.00715061
0.88 0.00129755 0.00722238
0.89 0.00129122 0.00729487
0.9 0.00128492 0.00736809
0.91 0.00127865 0.00744204
0.92 0.00127242 0.00751674
0.93 0.00126621 0.00759219
0.94 0.00126004 0.00766839
0.95 0.00125389 0.00774537
0.96 0.00124778 0.00782311
0.97 0.0012417 0.00790164
0.98 0.00123565 0.00798095
0.99 0.00122962 0.00806106
1 0.00122363 0.00814198
